   1.3390676e+00   8.9093082e-01   0.0000000e+00
   8.5111965e-01   1.0924554e+00   0.0000000e+00
   9.4197114e-01   6.8644750e-01   0.0000000e+00
   8.9801662e-01   1.1898361e+00   0.0000000e+00
   9.4601188e-01   1.0235922e+00   0.0000000e+00
   1.1673938e+00   1.1012180e+00   0.0000000e+00
   6.7038758e-01   8.8717212e-01   0.0000000e+00
   1.1919511e+00   7.8424662e-01   0.0000000e+00
   1.1239296e+00   7.7812602e-01   0.0000000e+00
   1.0323101e+00   6.6479757e-01   0.0000000e+00
   1.1085473e+00   1.0235799e+00   0.0000000e+00
   9.3856864e-01   7.3962485e-01   0.0000000e+00
   1.2333264e+00   1.2050058e+00   0.0000000e+00
   1.0204829e+00   8.9964998e-01   0.0000000e+00
   8.9908305e-01   1.2178479e+00   0.0000000e+00
   9.3608505e-01   9.9054866e-01   0.0000000e+00
   1.2490312e+00   8.2222787e-01   0.0000000e+00
   1.0116772e+00   1.0188501e+00   0.0000000e+00
   9.6050804e-01   1.2741152e+00   0.0000000e+00
   1.0842578e+00   9.3139777e-01   0.0000000e+00
   9.8516746e-01   9.4596438e-01   0.0000000e+00
   1.0645160e+00   1.0687518e+00   0.0000000e+00
   9.7336276e-01   1.0854463e+00   0.0000000e+00
   1.0892481e+00   9.2544521e-01   0.0000000e+00
   1.2351504e+00   1.1045019e+00   0.0000000e+00
   9.2852386e-01   8.7599906e-01   0.0000000e+00
   1.1149617e+00   9.7420640e-01   0.0000000e+00
   9.2807355e-01   1.1980775e+00   0.0000000e+00
   9.4002497e-01   1.1630015e+00   0.0000000e+00
   9.8940015e-01   1.2578237e+00   0.0000000e+00
   9.5307981e-01   1.1073006e+00   0.0000000e+00
   8.9902881e-01   1.1352166e+00   0.0000000e+00
   7.5551542e-01   8.8556678e-01   0.0000000e+00
   8.1528668e-01   1.0723227e+00   0.0000000e+00
   1.0961957e+00   1.1008172e+00   0.0000000e+00
   1.2567794e+00   9.7291596e-01   0.0000000e+00
   7.8523739e-01   1.2701528e+00   0.0000000e+00
   9.1612824e-01   1.2428223e+00   0.0000000e+00
   1.1360351e+00   9.3714777e-01   0.0000000e+00
   9.8354180e-01   8.0528788e-01   0.0000000e+00
   1.2071004e+00   7.2825462e-01   0.0000000e+00
   8.6933291e-01   1.0243424e+00   0.0000000e+00
   9.2903743e-01   8.4969966e-01   0.0000000e+00
   6.9324927e-01   8.8652727e-01   0.0000000e+00
   8.2550917e-01   1.2069250e+00   0.0000000e+00
   1.2058620e+00   8.4476206e-01   0.0000000e+00
   1.0522217e+00   1.0564329e+00   0.0000000e+00
   9.1770791e-01   8.9295339e-01   0.0000000e+00
   1.0529978e+00   7.8654748e-01   0.0000000e+00
  -5.0160375e-01   2.4351545e-01   0.0000000e+00
  -5.4976227e-01   1.2513367e-01   0.0000000e+00
  -5.7717404e-01   4.4081002e-01   0.0000000e+00
  -6.7044816e-01   4.7236243e-01   0.0000000e+00
  -7.0996679e-01   2.6514509e-01   0.0000000e+00
  -6.9813979e-01   4.3298592e-01   0.0000000e+00
  -5.6313440e-01   2.6436074e-01   0.0000000e+00
  -7.0033817e-01   5.5994172e-01   0.0000000e+00
  -8.2972107e-01   1.2011243e-01   0.0000000e+00
  -8.3832352e-01   1.1008073e-01   0.0000000e+00
  -4.4628771e-01   4.5736286e-01   0.0000000e+00
  -6.8001355e-01   4.3217923e-01   0.0000000e+00
  -9.8117935e-01   3.1376181e-01   0.0000000e+00
  -7.8868800e-01   4.4476823e-01   0.0000000e+00
  -7.5989939e-01   5.9953545e-01   0.0000000e+00
  -6.0791474e-01   2.0681669e-01   0.0000000e+00
  -4.4089782e-01   1.5241765e-01   0.0000000e+00
  -4.6464205e-01   7.0106317e-01   0.0000000e+00
  -7.1105631e-01   2.0955563e-01   0.0000000e+00
  -7.4280074e-01  -1.0739930e-01   0.0000000e+00
  -6.1594292e-01   3.8121675e-01   0.0000000e+00
  -5.8126328e-01   1.1224563e-01   0.0000000e+00
  -6.2971937e-01   2.5161884e-01   0.0000000e+00
  -6.8908176e-01   1.7110445e-01   0.0000000e+00
  -8.2317705e-01   2.5029905e-01   0.0000000e+00
  -8.3771732e-01   4.4189769e-01   0.0000000e+00
  -7.1004862e-01   4.0730762e-01   0.0000000e+00
  -8.1871391e-01   2.0167435e-01   0.0000000e+00
  -8.9196193e-01   9.2979187e-02   0.0000000e+00
  -6.6613674e-01   6.6528322e-01   0.0000000e+00
  -9.7741453e-01   3.5250361e-01   0.0000000e+00
  -6.9160834e-01   4.0800423e-02   0.0000000e+00
  -5.3743694e-01   4.0053473e-01   0.0000000e+00
  -7.0582024e-01   3.1560615e-01   0.0000000e+00
  -8.3104473e-01   2.5670171e-01   0.0000000e+00
  -8.0217496e-01   3.9565239e-01   0.0000000e+00
  -7.0632119e-01   1.9779763e-01   0.0000000e+00
   2.6824639e-01   2.5923414e-01   0.0000000e+00
   2.0487658e-02   2.3047113e-01   0.0000000e+00
   3.2367469e-01  -9.9955233e-02   0.0000000e+00
   2.7429495e-01   1.6937203e-01   0.0000000e+00
  -1.5385689e-01   2.7581429e-01   0.0000000e+00
  -1.4205937e-01   2.1990109e-01   0.0000000e+00
   4.2692369e-01   4.3272113e-01   0.0000000e+00
   1.6682117e-01   2.0860127e-01   0.0000000e+00
   2.7086120e-01   4.1084349e-01   0.0000000e+00
   9.8956474e-02   2.2773295e-01   0.0000000e+00
   2.7928187e-01   1.0956494e-01   0.0000000e+00
   1.2664676e-01   4.9433961e-01   0.0000000e+00
   5.5612835e-01   3.6855820e-01   0.0000000e+00
   4.2651000e-01   1.2436133e-01   0.0000000e+00
  -7.4315867e-02   3.4478462e-01   0.0000000e+00
   5.5263422e-01   2.9399601e-01   0.0000000e+00
   2.7256453e-01   2.3084792e-01   0.0000000e+00
   3.5365979e-01   1.9447492e-01   0.0000000e+00
   4.7549891e-01   3.8822886e-01   0.0000000e+00
   3.7055421e-01   4.7733035e-01   0.0000000e+00
   4.9799868e-01   2.3929611e-01   0.0000000e+00
   1.5217840e-01   5.4491961e-01   0.0000000e+00
   1.0374147e-01   3.5568085e-01   0.0000000e+00
   3.5913182e-01   4.7676069e-01   0.0000000e+00
   3.0862865e-01   2.0861908e-01   0.0000000e+00
   1.3520588e-01   3.9430968e-01   0.0000000e+00
   2.8834509e-01  -1.2605706e-02   0.0000000e+00
   8.1297883e-03   6.8020730e-01   0.0000000e+00
   4.1721815e-01   2.6398030e-01   0.0000000e+00
   3.4436425e-01   4.2376451e-01   0.0000000e+00
   4.1507990e-01   5.1711548e-01   0.0000000e+00
   5.0350496e-01   4.3397428e-01   0.0000000e+00
   1.8540923e-01   1.0614011e-01   0.0000000e+00
   2.2175373e-01   2.5291615e-01   0.0000000e+00
   2.8300965e-01   2.4996514e-01   0.0000000e+00
   4.1889355e-01   3.6657765e-01   0.0000000e+00
   4.8440022e-01   3.2687975e-01   0.0000000e+00
   3.6789780e-01   3.1393238e-01   0.0000000e+00
   2.9051597e-01   6.3903264e-01   0.0000000e+00
   4.9923641e-01   6.3944607e-01   0.0000000e+00
   2.3028314e-01   6.8854915e-01   0.0000000e+00
   5.4742770e-01   4.9718208e-01   0.0000000e+00
   9.5276240e-02   1.4604911e-01   0.0000000e+00
  -6.0297140e-01   5.5090195e-01   1.0000000e+00
  -4.3175047e-01   3.3156189e-01   1.0000000e+00
  -1.7744997e-01   6.5744441e-01   1.0000000e+00
  -3.1124160e-01   8.1271892e-01   1.0000000e+00
  -3.1369362e-01   9.5681654e-01   1.0000000e+00
  -3.2840184e-01   7.9854636e-01   1.0000000e+00
  -7.9732163e-02   5.8355631e-01   1.0000000e+00
  -1.2233450e-01   4.6155565e-01   1.0000000e+00
  -3.2037617e-01   9.1139327e-01   1.0000000e+00
  -2.0957370e-01   6.7030076e-01   1.0000000e+00
  -3.0750777e-02   1.1867870e+00   1.0000000e+00
  -3.3813220e-01   6.8880946e-01   1.0000000e+00
  -7.9604397e-01   6.0101013e-01   1.0000000e+00
  -1.1527663e-01   6.0686780e-01   1.0000000e+00
  -8.2760758e-01   9.4921207e-01   1.0000000e+00
  -2.6784408e-01   5.8048638e-01   1.0000000e+00
  -3.1442007e-01   7.5520307e-01   1.0000000e+00
  -3.5400386e-01   1.1046113e+00   1.0000000e+00
  -4.1668123e-01   8.0374738e-01   1.0000000e+00
  -1.9549745e-01   7.4183051e-01   1.0000000e+00
  -7.8837874e-02   9.0753757e-01   1.0000000e+00
  -2.0315711e-01   8.5777598e-01   1.0000000e+00
  -2.2476538e-01   6.7164425e-01   1.0000000e+00
  -3.2585991e-01   7.7713722e-01   1.0000000e+00
  -1.2818204e-01   6.6089951e-01   1.0000000e+00
  -2.0001541e-01   6.8635405e-01   1.0000000e+00
  -6.7071658e-01   5.5820171e-01   1.0000000e+00
  -2.3900662e-01   6.7528587e-01   1.0000000e+00
  -2.1585137e-01   6.6348681e-01   1.0000000e+00
  -3.8446532e-01   8.4010623e-01   1.0000000e+00
  -3.1055539e-01   6.6725021e-01   1.0000000e+00
  -4.1528754e-01   6.9197379e-01   1.0000000e+00
  -3.2463414e-01   9.3943718e-01   1.0000000e+00
  -3.2618052e-01   8.6798340e-01   1.0000000e+00
  -2.4479610e-01   5.1602471e-01   1.0000000e+00
  -4.9377792e-01   1.1159728e+00   1.0000000e+00
  -2.1628216e-01   9.8528173e-01   1.0000000e+00
  -2.1184042e-01   5.2003687e-01   1.0000000e+00
  -4.4806762e-01   7.3435507e-01   1.0000000e+00
  -2.9380960e-01   7.7762541e-01   1.0000000e+00
  -3.6171044e-01   7.1517862e-01   1.0000000e+00
  -1.5294085e-01   7.6904731e-01   1.0000000e+00
  -2.7654151e-01   5.8295395e-01   1.0000000e+00
  -1.6837661e-01   7.8531853e-01   1.0000000e+00
  -5.5606914e-01   6.9311389e-01   1.0000000e+00
  -2.6192401e-01   8.2494444e-01   1.0000000e+00
  -5.0877964e-01   8.6435535e-01   1.0000000e+00
  -2.6395747e-01   7.6531147e-01   1.0000000e+00
  -4.1761299e-01   7.2907380e-01   1.0000000e+00
  -1.8976213e-01   9.6700554e-01   1.0000000e+00
  -4.3999866e-01   7.5188575e-01   1.0000000e+00
  -2.8594408e-01   7.2615299e-01   1.0000000e+00
  -2.7455058e-01   6.8536240e-01   1.0000000e+00
  -3.3966587e-01   9.5828712e-01   1.0000000e+00
  -9.2202052e-03   6.0998267e-01   1.0000000e+00
  -8.5556707e-02   7.5465115e-01   1.0000000e+00
  -4.1478060e-01   9.2271287e-01   1.0000000e+00
  -6.4523627e-01   4.4438827e-01   1.0000000e+00
  -6.8771243e-01   5.2728545e-01   1.0000000e+00
   4.8996979e-01   4.3952090e-01   1.0000000e+00
   5.1009249e-01   8.1747366e-01   1.0000000e+00
   4.1766180e-01   5.8693271e-01   1.0000000e+00
   4.9561056e-01   9.2841044e-01   1.0000000e+00
   1.3287192e-01   1.0509187e+00   1.0000000e+00
   3.2655580e-01   6.5116697e-01   1.0000000e+00
   2.2746155e-01   2.9124834e-01   1.0000000e+00
   2.7657990e-01   5.8183119e-01   1.0000000e+00
   1.0990072e-01   1.0202110e+00   1.0000000e+00
   4.4540251e-01   6.4311477e-01   1.0000000e+00
   3.4833116e-01   7.1939020e-01   1.0000000e+00
   5.1139471e-01   6.6367559e-01   1.0000000e+00
   1.0094202e-01   7.5016831e-01   1.0000000e+00
   2.4495858e-01   5.1794879e-01   1.0000000e+00
   5.3896272e-01   7.8831562e-01   1.0000000e+00
   4.7590705e-01   8.3403404e-01   1.0000000e+00
   1.8327078e-01   5.1035939e-01   1.0000000e+00
   5.2995823e-01   7.0031040e-01   1.0000000e+00
   8.5459897e-01   6.5850019e-01   1.0000000e+00
   5.4448956e-01   5.9750922e-01   1.0000000e+00
   5.4844480e-01   1.1009750e+00   1.0000000e+00
   3.5229986e-01   6.6100847e-01   1.0000000e+00
   7.4329583e-01   5.7818816e-01   1.0000000e+00
   2.6223746e-01   8.3195334e-01   1.0000000e+00
   7.0761376e-01   5.7203926e-01   1.0000000e+00
   4.6180729e-01   5.1226584e-01   1.0000000e+00
   5.8862602e-01   8.6737173e-01   1.0000000e+00
   1.8321612e-01   9.1884950e-01   1.0000000e+00
   4.2460622e-01   7.6356395e-01   1.0000000e+00
   2.6870307e-01   6.6105165e-01   1.0000000e+00
   4.0904977e-01   6.5363864e-01   1.0000000e+00
   3.4189131e-01   5.8043441e-01   1.0000000e+00
   6.5561646e-01   7.7733096e-01   1.0000000e+00
   5.0711288e-01   8.2866805e-01   1.0000000e+00
   8.5620044e-01   9.1901857e-01   1.0000000e+00
   6.1617529e-01   3.3122232e-01   1.0000000e+00
   4.5723866e-01   3.4576295e-01   1.0000000e+00
   4.1736765e-01   5.9312486e-01   1.0000000e+00
   3.6182855e-02   7.3271561e-01   1.0000000e+00
   5.9848178e-01   5.0503695e-01   1.0000000e+00
   3.7473488e-01   6.1405452e-01   1.0000000e+00
   3.7431108e-01   8.4299896e-01   1.0000000e+00
   4.4910318e-01   7.5994943e-01   1.0000000e+00
   4.0169945e-01   5.9037897e-01   1.0000000e+00
   5.1348607e-01   6.1826178e-01   1.0000000e+00
  -7.9067851e-02   7.6333002e-01   1.0000000e+00
   2.4083012e-01   1.1297090e+00   1.0000000e+00
   3.3091660e-01   8.8761662e-01   1.0000000e+00
   6.1466411e-01   8.5228476e-01   1.0000000e+00
   4.8523537e-01   7.5577344e-01   1.0000000e+00
   7.5616598e-01   5.3846752e-01   1.0000000e+00
   1.3503676e-01   5.1116326e-01   1.0000000e+00
   4.6868042e-01   4.3120331e-01   1.0000000e+00
   3.4126672e-01   4.8046274e-01   1.0000000e+00
   3.9896788e-03   8.6742069e-01   1.0000000e+00
   4.5309962e-01   6.9283483e-01   1.0000000e+00
   6.6974941e-01   7.5180735e-01   1.0000000e+00
   2.8577432e-01   6.1808636e-01   1.0000000e+00
   4.2166734e-01   5.4770683e-01   1.0000000e+00
   3.2530524e-01   6.7114691e-01   1.0000000e+00
   5.3134858e-01   6.5069602e-01   1.0000000e+00
   7.5204256e-01   7.1162116e-01   1.0000000e+00
